p<-1/4
mdata<-c(0,p,p,p,p,0,
         0,0,p,p,p,p,
         p,0,0,p,p,p,
         0,0,0,0,p,p,
         1,0,0,0,0,0,
         0,0,0,0,0,1)
m<-matrix(mdata,6,6,byrow = TRUE)